2.045547170659721132e+02
2.040510214388019676e+02
2.040493389793836627e+02
2.041532875503471587e+02
2.042581413919270688e+02
2.044542647684461940e+02
2.046482378956162904e+02
2.047673966401909240e+02
2.048934997037760013e+02
2.048987167586806208e+02
2.049003491280382718e+02
2.049012106163194744e+02
2.048767887408853881e+02
2.039970057061632644e+02
2.032518485954860807e+02
2.021135382651910390e+02
2.009901772269966216e+02
2.003784012927517324e+02
1.997175547246093004e+02
1.997208341519096280e+02
1.997122774042967706e+02
1.997177638298610418e+02
1.995827269405381799e+02
1.988722246252170294e+02
1.980314893090277053e+02
1.971506577745225570e+02
1.962981858454861310e+02
1.955543023493922874e+02
1.952161172393661843e+02
1.952215193650173148e+02
1.952171278847655742e+02
1.947698701234808993e+02
1.948398990805120548e+02
1.950620454539930790e+02
1.952970692849391980e+02
1.955498864312065734e+02
1.957726878969183986e+02
1.959783199728731802e+02
1.960276991499564474e+02
1.960308191601561987e+02
1.960217945030381657e+02
1.960283271486544265e+02
1.961208640577255551e+02
1.962753968070746282e+02
1.964596400833332837e+02
1.966448976660155665e+02
1.968095284442274533e+02
1.969571625423177466e+02
1.969856377910155913e+02
1.969842274986978623e+02
1.969809144103732876e+02
1.969713372779947917e+02
1.969464255158419803e+02
1.969164843778212344e+02
1.969002910195312097e+02
1.968772961994357047e+02
1.968657289950086522e+02
1.968347189670138846e+02
1.968297797975261005e+02
1.968250301851128086e+02
1.968303751551648588e+02
1.975724265826821977e+02
1.975735924882811787e+02
1.975706372829860982e+02
1.975851110781249247e+02
1.975750641914061987e+02
1.975755364168836650e+02
1.975622768500433892e+02
1.975667877868923199e+02
1.975644912441404983e+02
1.975637799259981762e+02
1.975449579212238973e+02
1.974036589296875377e+02
1.972579412339409828e+02
1.970660026289062614e+02
1.968923272207031516e+02
1.967729567684461927e+02
1.967054859312066242e+02
1.967061268708767727e+02
1.967020171035154021e+02
1.967107799928385248e+02
1.969897297065971884e+02
1.978014677643228652e+02
1.986884105314670137e+02
1.998457111451822641e+02
2.008467479887152933e+02
2.016358545486110074e+02
2.019907477105033990e+02
2.019962565358073050e+02
2.019946421644964971e+02
2.019951671345485806e+02
2.018957059633247013e+02
2.026283961888021565e+02
2.034716039802518139e+02
2.043621232799480083e+02
2.051987420043403176e+02
2.059263611992186895e+02
2.061097541701388991e+02
2.061106417246093940e+02
2.061025160303819916e+02
2.061080248331162750e+02
2.060069139108071852e+02
2.057944785538193742e+02
2.055489802250434650e+02
2.052937419448785192e+02
2.050506521163194691e+02
2.048491417302516879e+02
2.048145502191840137e+02
2.048193439737413541e+02
2.048147781968315826e+02
2.048167281098090484e+02
2.047134041757812497e+02
2.045683568111979582e+02
2.043877010295138916e+02
2.042133590475260405e+02
2.040476042111545212e+02
2.039205396408419801e+02
2.038970732916666861e+02
2.038992185523003116e+02
2.038941239405381225e+02
2.039028240171440984e+02
2.039557750735675938e+02
2.039780864587672795e+02
2.039841297452256583e+02
2.040086819238281919e+02
2.040310181380207837e+02
2.040553237942709472e+02
2.040557004459635664e+02
2.040674604631074658e+02
2.040759655974392501e+02
2.040776196536457121e+02
2.040692737092014113e+02
2.040729673943141904e+02
2.040711114628906557e+02
2.040718316898870910e+02
2.040678870477430280e+02
2.040723177838541460e+02
2.040713707588975865e+02
2.040713710360242885e+02
2.040674852562932529e+02
2.040717619581161841e+02
2.041749694105902506e+02
2.042863443895398348e+02
2.044759591286891691e+02
2.046733865256076115e+02
2.047657564724390795e+02
2.048866734474825364e+02
2.048830098075085857e+02
2.048850534418401992e+02
2.048854363109808219e+02
2.048655374403210487e+02
