2.045539106315104334e+02
2.040503337766926961e+02
2.040486813346352619e+02
2.041526710444877608e+02
2.042581029036458347e+02
2.044541027074651822e+02
2.046486733613280933e+02
2.047679069251302053e+02
2.048937594073349828e+02
2.048989148161891762e+02
2.049001235957031213e+02
2.049012519531250405e+02
2.048769429724390534e+02
2.039970164882812469e+02
2.032512899813367540e+02
2.021136048873698030e+02
2.009906671417099631e+02
2.003786294262152694e+02
1.997179613880207683e+02
1.997210209657118583e+02
1.997125265464409836e+02
1.997180653174913232e+02
1.995828325358072561e+02
1.988730627293837188e+02
1.980321001308593338e+02
1.971511082866753952e+02
1.962989213200955021e+02
1.955548947552083234e+02
1.952168608059895121e+02
1.952221446239148861e+02
1.952173468138021235e+02
1.947702459878471757e+02
1.948401862936197233e+02
1.950615731547309224e+02
1.952970153075086728e+02
1.955495556351995958e+02
1.957726383140191331e+02
1.959782822621527316e+02
1.960274914194878590e+02
1.960304097912326142e+02
1.960216550740017567e+02
1.960282265434027806e+02
1.961210044051648822e+02
1.962755718231336743e+02
1.964599756076388246e+02
1.966448501712239079e+02
1.968103382690972296e+02
1.969583345496962465e+02
1.969865134411893450e+02
1.969852844468316277e+02
1.969816661319444222e+02
1.969718980069444285e+02
1.969465585151908726e+02
1.969161332065971237e+02
1.968995034874131136e+02
1.968758619203558169e+02
1.968628660488281241e+02
1.968319298548176732e+02
1.968265782300346984e+02
1.968219608561197163e+02
1.968269972623697583e+02
1.975695839023437088e+02
1.975710608244357047e+02
1.975679585234374258e+02
1.975822811336805387e+02
1.975720147569444123e+02
1.975724849498698177e+02
1.975596037743054580e+02
1.975639973237847187e+02
1.975616388691406939e+02
1.975609243075086852e+02
1.975422138459201449e+02
1.974007045310330000e+02
1.972551127039930350e+02
1.970630492406683629e+02
1.968898497647568604e+02
1.967706520390625258e+02
1.967032833580729232e+02
1.967038368932292087e+02
1.966997968559028322e+02
1.967074711317274023e+02
1.969867459012587290e+02
1.977980204498697958e+02
1.986860715690103518e+02
1.998426048930120942e+02
2.008439114229600193e+02
2.016327235236544766e+02
2.019880243706597014e+02
2.019932546927082058e+02
2.019917030043402235e+02
2.019921727573783983e+02
2.018936290542534664e+02
2.026257581438802333e+02
2.034690311325954326e+02
2.043596375394964468e+02
2.051963729227429667e+02
2.059238993771701871e+02
2.061070622671440162e+02
2.061078823745660031e+02
2.060997189496527540e+02
2.061050150553385549e+02
2.060040758830294294e+02
2.057913550232205182e+02
2.055459300325520644e+02
2.052905504687500127e+02
2.050480662934027691e+02
2.048462045279947574e+02
2.048119276809895553e+02
2.048164714457465720e+02
2.048120554787326455e+02
2.048140433815104302e+02
2.047112172723524850e+02
2.045661860672743444e+02
2.043862793617622060e+02
2.042123452801650387e+02
2.040464819880642722e+02
2.039199796102431037e+02
2.038967423439670483e+02
2.038987439214410813e+02
2.038934571579861199e+02
2.039023602955729189e+02
2.039551757022570087e+02
2.039772670453560295e+02
2.039835474069010672e+02
2.040079009869791378e+02
2.040301439863279711e+02
2.040543209073350113e+02
2.040550162925347024e+02
2.040668363135851564e+02
2.040755832821180320e+02
2.040770407482639541e+02
2.040687476427952447e+02
2.040722034817708845e+02
2.040704671473523888e+02
2.040710858515625432e+02
2.040673435776909059e+02
2.040717216228298696e+02
2.040706899075520084e+02
2.040707281701387785e+02
2.040666954865450862e+02
2.040711849292534907e+02
2.041743121840276558e+02
2.042854672732204335e+02
2.044750135789929288e+02
2.046723808578558987e+02
2.047648178007811453e+02
2.048854086905381280e+02
2.048814438823783917e+02
2.048836967871092440e+02
2.048839800883245630e+02
2.048640623828124205e+02
